LUT1

Truth Table

F E D C B A
0 0 0 0 0 0 : 0
0 0 0 0 0 1 : 0
0 0 0 0 1 0 : 0
0 0 0 0 1 1 : 1
0 0 0 1 0 0 : 0
0 0 0 1 0 1 : 0
0 0 0 1 1 0 : 0
0 0 0 1 1 1 : 1
0 0 1 0 0 0 : 0
0 0 1 0 0 1 : 0
0 0 1 0 1 0 : 0
0 0 1 0 1 1 : 1
0 0 1 1 0 0 : 1
0 0 1 1 0 1 : 1
0 0 1 1 1 0 : 1
0 0 1 1 1 1 : 0
0 1 0 0 0 0 : 1
0 1 0 0 0 1 : 1
0 1 0 0 1 0 : 1
0 1 0 0 1 1 : 1
0 1 0 1 0 0 : 1
0 1 0 1 0 1 : 1
0 1 0 1 1 0 : 1
0 1 0 1 1 1 : 1
0 1 1 0 0 0 : 1
0 1 1 0 0 1 : 1
0 1 1 0 1 0 : 1
0 1 1 0 1 1 : 1
0 1 1 1 0 0 : 1
0 1 1 1 0 1 : 1
0 1 1 1 1 0 : 1
0 1 1 1 1 1 : 1
1 0 0 0 0 0 : 1
1 0 0 0 0 1 : 1
1 0 0 0 1 0 : 1
1 0 0 0 1 1 : 1
1 0 0 1 0 0 : 1
1 0 0 1 0 1 : 1
1 0 0 1 1 0 : 1
1 0 0 1 1 1 : 1
1 0 1 0 0 0 : 1
1 0 1 0 0 1 : 1
1 0 1 0 1 0 : 1
1 0 1 0 1 1 : 1
1 0 1 1 0 0 : 1
1 0 1 1 0 1 : 1
1 0 1 1 1 0 : 1
1 0 1 1 1 1 : 1
1 1 0 0 0 0 : 1
1 1 0 0 0 1 : 1
1 1 0 0 1 0 : 1
1 1 0 0 1 1 : 1
1 1 0 1 0 0 : 1
1 1 0 1 0 1 : 1
1 1 0 1 1 0 : 1
1 1 0 1 1 1 : 1
1 1 1 0 0 0 : 1
1 1 1 0 0 1 : 1
1 1 1 0 1 0 : 1
1 1 1 0 1 1 : 1
1 1 1 1 0 0 : 1
1 1 1 1 0 1 : 1
1 1 1 1 1 0 : 1
1 1 1 1 1 1 : 1


Expression

Or(F, Or(Xor(And(C, D), And(A, B)), E))

Connections

{'C': 'e', 'F': 'd', 'D': 'f', 'A': 'a', 'E': 'LUT2', 'B': 's'}




LUT2

Truth Table

D C B A
0 0 0 0 : 0
0 0 0 1 : 1
0 0 1 0 : 1
0 0 1 1 : 0
0 1 0 0 : 1
0 1 0 1 : 1
0 1 1 0 : 1
0 1 1 1 : 1
1 0 0 0 : 1
1 0 0 1 : 1
1 0 1 0 : 1
1 0 1 1 : 1
1 1 0 0 : 1
1 1 0 1 : 1
1 1 1 0 : 1
1 1 1 1 : 1


Expression

Or(Or(C, D), Xor(A, B))

Connections

{'D': 'e', 'A': 'LUT3', 'C': 't', 'B': 'm'}




LUT3

Truth Table

F E D C B A
0 0 0 0 0 0 : 0
0 0 0 0 0 1 : 0
0 0 0 0 1 0 : 0
0 0 0 0 1 1 : 0
0 0 0 1 0 0 : 0
0 0 0 1 0 1 : 0
0 0 0 1 1 0 : 0
0 0 0 1 1 1 : 0
0 0 1 0 0 0 : 0
0 0 1 0 0 1 : 0
0 0 1 0 1 0 : 0
0 0 1 0 1 1 : 0
0 0 1 1 0 0 : 0
0 0 1 1 0 1 : 0
0 0 1 1 1 0 : 0
0 0 1 1 1 1 : 0
0 1 0 0 0 0 : 0
0 1 0 0 0 1 : 0
0 1 0 0 1 0 : 0
0 1 0 0 1 1 : 0
0 1 0 1 0 0 : 0
0 1 0 1 0 1 : 0
0 1 0 1 1 0 : 0
0 1 0 1 1 1 : 0
0 1 1 0 0 0 : 0
0 1 1 0 0 1 : 0
0 1 1 0 1 0 : 0
0 1 1 0 1 1 : 0
0 1 1 1 0 0 : 0
0 1 1 1 0 1 : 0
0 1 1 1 1 0 : 0
0 1 1 1 1 1 : 1
1 0 0 0 0 0 : 0
1 0 0 0 0 1 : 0
1 0 0 0 1 0 : 0
1 0 0 0 1 1 : 1
1 0 0 1 0 0 : 0
1 0 0 1 0 1 : 0
1 0 0 1 1 0 : 0
1 0 0 1 1 1 : 1
1 0 1 0 0 0 : 0
1 0 1 0 0 1 : 0
1 0 1 0 1 0 : 0
1 0 1 0 1 1 : 1
1 0 1 1 0 0 : 0
1 0 1 1 0 1 : 0
1 0 1 1 1 0 : 0
1 0 1 1 1 1 : 1
1 1 0 0 0 0 : 0
1 1 0 0 0 1 : 0
1 1 0 0 1 0 : 0
1 1 0 0 1 1 : 1
1 1 0 1 0 0 : 0
1 1 0 1 0 1 : 0
1 1 0 1 1 0 : 0
1 1 0 1 1 1 : 1
1 1 1 0 0 0 : 0
1 1 1 0 0 1 : 0
1 1 1 0 1 0 : 0
1 1 1 0 1 1 : 1
1 1 1 1 0 0 : 0
1 1 1 1 0 1 : 0
1 1 1 1 1 0 : 0
1 1 1 1 1 1 : 0


Expression

And(Xor(F, And(E, And(C, D))), And(A, B))

Connections

{'C': 'g', 'F': 'f', 'D': 'j', 'A': 't', 'E': 'LUT4', 'B': 'n'}




LUT4

Truth Table

E D C B A
0 0 0 0 0 : 0
0 0 0 0 1 : 1
0 0 0 1 0 : 1
0 0 0 1 1 : 0
0 0 1 0 0 : 1
0 0 1 0 1 : 0
0 0 1 1 0 : 0
0 0 1 1 1 : 1
0 1 0 0 0 : 1
0 1 0 0 1 : 1
0 1 0 1 0 : 1
0 1 0 1 1 : 1
0 1 1 0 0 : 1
0 1 1 0 1 : 1
0 1 1 1 0 : 1
0 1 1 1 1 : 1
1 0 0 0 0 : 1
1 0 0 0 1 : 1
1 0 0 1 0 : 1
1 0 0 1 1 : 1
1 0 1 0 0 : 1
1 0 1 0 1 : 1
1 0 1 1 0 : 1
1 0 1 1 1 : 1
1 1 0 0 0 : 1
1 1 0 0 1 : 1
1 1 0 1 0 : 1
1 1 0 1 1 : 1
1 1 1 0 0 : 1
1 1 1 0 1 : 1
1 1 1 1 0 : 1
1 1 1 1 1 : 1


Expression

Or(E, Or(D, Xor(Xor(A, B), C)))

Connections

{'D': 'b', 'A': 'k', 'C': 'y', 'E': 'h', 'B': 'f'}


